feature,relevance
0,-1.0168952
1,-1.9747347
